0 0 0 0
1 0 1 0
-1 0 0 0
8192 0 8192 0
-8192 -1172 -410 0
30000 -1055 29443 0
-30000 -5215 -2180 0
-28155 -4642 -30972 0
9963 21 -20125 0
-29677 2899 -32768 1
-7794 7442 -32768 2
29916 11758 -149 2
-20602 11192 -19061 2
25162 13360 8655 2
2623 11454 12757 2
-11097 9056 2661 2
4379 8223 8203 2
-22998 6638 -14029 2
10649 8313 -1729 2
-4624 8145 -5077 2
3823 8464 165 2
-10459 8017 -9091 2
-26666 8917 -32768 3
-28801 13159 -32768 4
13540 17189 -15707 4
1200 18577 -11263 4
-5310 19260 -13352 4
21942 20207 12013 4
-21863 17478 -7560 4
11544 17686 6862 4
27420 15820 32767 5
19587 10341 32767 6
-21671 5136 10937 6
24246 3315 32767 7
10617 -1539 32767 8
3530 -6150 32767 9
-26284 -10530 3965 9
14225 -10571 16485 9
-15242 -12401 -1093 9
6776 -11625 3963 9
24543 -11611 26645 9
2178 -14843 25830 9
-20576 -17796 1839 9
-14856 -17170 -15655 9
-10083 -14072 -27412 9
-7676 -9447 -32768 10
12244 -4287 -20238 10
-8187 -1177 -28027 10
-27654 2892 -32768 11
-13484 7435 -32768 12
-17953 11751 -32768 13
3354 15852 -26095 13
28178 18793 5655 13
15276 17045 23337 13
18925 12854 32767 14
-27458 7524 5510 14
-9028 6360 -2717 14
-386 6431 -2057 14
-6410 6404 -7444 14
-27928 7149 -32768 15
26635 11480 -3472 15
-17544 11403 -19200 15
-24403 13580 -32768 16
14599 17589 -14588 16
24125 18797 12783 16
-8793 16029 6040 16
8660 14364 16691 16
15905 11258 32767 17
19714 6007 32767 18
23695 1019 32767 19
-11010 -3720 20265 19
-10270 -6433 8450 19
71 -7320 7178 19
-15919 -7981 -10147 19
19605 -6130 8823 19
-21777 -7086 -14272 19
3960 -4690 -10612 19
-9459 -2937 -20212 19
-3397 101 -23019 19
13275 3389 -8579 19
-20385 4447 -28050 19
-9798 8238 -32768 20
3885 12514 -26066 20
-17023 15618 -32768 21
-9531 19525 -32768 22
-13705 23237 -32768 23
-18012 26763 -32768 24
-22126 30113 -32768 25
3980 32767 -22842 26
25055 32767 8043 27
5710 29978 18039 27
-27483 25899 -6057 27
5861 25471 3812 27
-24839 23652 -17574 27
3613 24984 -9699 27
19063 25123 13423 27
-18396 21947 -2050 27
-2201 21143 -1009 27
-29446 20230 -27380 27
-9831 23136 -32768 28
23373 26667 -4447 28
19779 25970 19369 28
-27963 21901 -5847 28
15405 21643 12984 28
-15207 18704 224 28
-14293 17737 -11404 28
29570 18482 21274 28
27210 14515 32767 29
6094 9102 32767 30
17599 3959 32767 31
15954 -927 32767 32
22845 -5569 32767 33
-23996 -9978 6336 33
12498 -10386 17090 33
2761 -12312 17511 33
20905 -14202 32767 34
-27298 -18180 1799 34
18923 -17529 18031 34
-3004 -19232 11618 34
22224 -19933 30510 34
2353 -23302 28486 34
2831 -26213 26559 34
4100 -28702 25581 34
18768 -30927 32767 35
-13907 -32768 12797 36
4686 -32768 12155 37
-8302 -32768 -1443 38
8591 -30924 2532 38
-2401 -29740 -4420 38
-12996 -27621 -21450 38
15502 -23172 -8827 38
-23860 -20751 -32768 39
-18737 -15026 -32768 40
-28897 -9587 -32768 41
-8671 -4420 -32768 42
-26759 489 -32768 43
10996 5153 -20064 43
-15249 7766 -32768 44
2650 12066 -27369 44
-16788 15378 -32768 45
-2694 19297 -31624 45
-13895 22857 -32768 46
-17932 26402 -32768 47
18633 29770 -8720 47
-878 29529 -4903 47
27289 28754 26856 47
2175 23474 31802 47
-23189 17751 10382 47
-12893 15378 -490 47
-28922 14679 -27187 47
-2422 17835 -26150 47
3074 20685 -19217 47
5025 22400 -10272 47
-25187 22750 -31741 47
-21547 26154 -32768 48
16061 29535 -11327 48
-17742 29679 -24277 48
15069 31669 -3748 48
-24374 30622 -23404 48
24516 32440 6663 48
4267 29865 15238 48
24825 26192 32767 49
20989 20195 32767 50
-4283 14498 29735 50
2171 9519 32494 50
-16922 4394 15310 50
27641 1984 32767 51
-26406 -2803 5007 51
13363 -3379 17719 51
-14033 -5745 2317 51
12452 -5789 13831 51
12046 -7478 24357 51
-8280 -10589 13790 51
13061 -12033 24647 51
28517 -14958 32767 52
-6948 -18898 22041 52
20304 -21107 32767 53
-14401 -24740 13708 53
-16724 -25464 -7241 53
26405 -23155 15883 53
26052 -24270 32767 54
-17910 -27745 9747 54
-8820 -27753 -3530 54
-11327 -25861 -18651 54
-20897 -21900 -32768 55
-9295 -16117 -32768 56
-20522 -10623 -32768 57
-23861 -5404 -32768 58
18031 -446 -13872 58
19999 1561 6757 58
2403 516 9046 58
-28451 -804 -19783 58
-7477 2066 -26386 58
-16415 5738 -32768 59
-29345 10139 -32768 60
8110 14320 -21569 60
-9237 16690 -27679 60
-28054 19816 -32768 61
-16141 23513 -32768 62
22164 27026 -5602 62
17718 26476 16263 62
563 22826 19801 62
-14953 18852 7124 62
-26837 16890 -17372 62
29805 18531 15718 62
-24687 15356 -7104 62
12623 15605 8071 62
-9906 13670 -6 62
-15065 12988 -13115 62
4067 14215 -6534 62
16795 14439 12621 62
17763 11912 31819 62
-20838 6764 11095 62
22525 4839 32767 63
-23564 -91 8257 63
-29564 -1268 -21733 63
16051 1905 -4777 63
5785 2493 1519 63
-4981 2151 -3181 63
-581 2499 -3295 63
27720 2845 24947 63
-15570 -866 8537 63
-4166 -2044 3820 63
2715 -2488 6052 63
15036 -3229 20430 63
24942 -5990 32767 64
2454 -10378 32726 64
-15610 -14541 13995 64
19126 -15816 30341 64
25559 -19366 32767 65
6468 -23086 32767 66
-5434 -26620 22392 66
17354 -28493 32767 67
25408 -31757 32767 68
-29385 -32768 -2799 69
8651 -30730 1304 69
-22648 -29380 -25806 69
-4024 -24219 -32743 69
11088 -18324 -23483 69
25255 -14048 324 69
-6067 -13392 -7769 69
21014 -11611 11717 69
14308 -12707 23778 69
28810 -15474 32767 70
1829 -19388 30744 70
16826 -22817 32767 71
11356 -26364 32767 72
1266 -29734 28623 72
-7424 -32343 15514 72
23408 -32768 32767 74
29003 -32768 32767 76
17108 -32768 32767 78
-18934 -32768 7507 79
24887 -32204 27331 79
15121 -32768 32767 81
26316 -32768 32767 83
